Geschwindigkeit,Fahrtrichtung,Lenkwinkel,Abstand,Zeitstempel,Fahrparcours,Sensordaten
40,1,90,-2,2023-06-29 12:36:46,6,"[14.3, 12.0, 2.0, 8.9, 13.8]"
40,1,115,-2,2023-06-29 12:36:47,6,"[13.8, 13.3, 10.3, 2.0, 10.7]"
40,1,115,-4,2023-06-29 12:36:47,6,"[13.6, 13.3, 11.3, 2.0, 8.0]"
40,1,115,184,2023-06-29 12:36:47,6,"[14.0, 13.9, 12.0, 2.1, 8.1]"
40,1,115,181,2023-06-29 12:36:47,6,"[13.8, 14.0, 11.9, 2.0, 8.4]"
40,1,115,177,2023-06-29 12:36:47,6,"[14.2, 14.0, 11.8, 2.0, 8.7]"
40,1,115,136,2023-06-29 12:36:47,6,"[14.8, 13.4, 10.8, 2.0, 9.8]"
40,1,115,167,2023-06-29 12:36:48,6,"[14.3, 13.1, 9.7, 1.8, 10.0]"
40,1,115,164,2023-06-29 12:36:48,6,"[14.6, 13.6, 10.0, 1.1, 9.7]"
40,1,115,162,2023-06-29 12:36:48,6,"[13.9, 13.6, 9.4, 1.4, 10.4]"
40,1,115,157,2023-06-29 12:36:48,6,"[14.0, 13.1, 7.0, 1.4, 11.4]"
40,1,115,155,2023-06-29 12:36:48,6,"[14.2, 13.0, 5.0, 2.0, 11.9]"
40,1,115,152,2023-06-29 12:36:48,6,"[14.0, 12.7, 2.7, 3.9, 12.3]"
40,1,115,150,2023-06-29 12:36:49,6,"[13.9, 12.0, 2.1, 5.0, 13.0]"
40,1,90,146,2023-06-29 12:36:49,6,"[13.0, 11.7, 2.3, 5.0, 13.3]"
40,1,115,134,2023-06-29 12:36:49,6,"[13.0, 12.4, 7.5, 1.6, 11.8]"
40,1,115,131,2023-06-29 12:36:49,6,"[13.3, 12.2, 8.1, 1.0, 11.9]"
40,1,115,135,2023-06-29 12:36:49,6,"[13.0, 12.0, 6.6, 1.4, 12.0]"
40,1,115,130,2023-06-29 12:36:49,6,"[13.1, 12.0, 4.8, 2.0, 13.3]"
40,1,115,129,2023-06-29 12:36:49,6,"[13.6, 11.8, 3.0, 3.6, 13.9]"
40,1,115,127,2023-06-29 12:36:50,6,"[13.4, 11.2, 3.0, 4.1, 15.3]"
40,1,115,123,2023-06-29 12:36:50,6,"[13.0, 10.5, 2.2, 6.8, 16.2]"
40,1,90,120,2023-06-29 12:36:50,6,"[12.0, 4.0, 3.9, 11.5, 16.5]"
40,1,90,117,2023-06-29 12:36:50,6,"[12.3, 3.0, 4.3, 10.9, 15.6]"
40,1,90,114,2023-06-29 12:36:50,6,"[13.5, 8.2, 2.3, 9.3, 14.4]"
40,1,90,112,2023-06-29 12:36:50,6,"[14.0, 12.0, 2.3, 5.0, 13.5]"
40,1,115,108,2023-06-29 12:36:50,6,"[14.0, 13.1, 8.3, 1.2, 11.2]"
40,1,115,106,2023-06-29 12:36:51,6,"[13.4, 12.1, 4.6, 0.9, 10.9]"
40,1,90,102,2023-06-29 12:36:51,6,"[2.4, 2.0, 9.1, 12.0, 15.5]"
40,1,45,99,2023-06-29 12:36:51,6,"[2.2, 9.9, 12.9, 12.5, 15.4]"
40,1,45,99,2023-06-29 12:36:51,6,"[1.9, 10.5, 12.8, 12.7, 15.7]"
40,1,45,98,2023-06-29 12:36:51,6,"[1.8, 5.2, 12.9, 12.9, 15.8]"
40,1,45,134,2023-06-29 12:36:51,6,"[6.6, 2.0, 10.1, 12.8, 15.6]"
40,1,70,76,2023-06-29 12:36:51,6,"[12.3, 3.0, 3.1, 12.0, 15.5]"
40,1,90,143,2023-06-29 12:36:51,6,"[13.0, 10.3, 1.7, 2.0, 13.5]"
40,1,90,-2,2023-06-29 12:36:52,6,"[10.3, 2.0, 2.6, 11.0, 14.2]"
40,1,90,-2,2023-06-29 12:36:52,6,"[8.1, 1.9, 5.8, 11.6, 14.3]"
40,1,70,-2,2023-06-29 12:36:52,6,"[8.7, 1.8, 7.9, 11.4, 13.5]"
40,1,90,166,2023-06-29 12:36:52,6,"[12.7, 3.0, 2.9, 11.9, 14.7]"
40,1,90,157,2023-06-29 12:36:52,6,"[13.2, 6.0, 2.0, 10.2, 14.2]"
40,1,90,155,2023-06-29 12:36:52,6,"[13.6, 10.3, 1.9, 7.0, 13.4]"
40,1,115,151,2023-06-29 12:36:53,6,"[14.2, 11.8, 3.0, 1.0, 11.8]"
40,1,90,147,2023-06-29 12:36:53,6,"[1.1, 1.9, 8.9, 12.3, 14.3]"
40,1,45,144,2023-06-29 12:36:53,6,"[5.1, 12.3, 12.8, 12.3, 13.9]"
40,1,45,142,2023-06-29 12:36:53,6,"[5.6, 12.8, 12.9, 12.3, 14.3]"
40,1,45,120,2023-06-29 12:36:53,6,"[3.1, 12.0, 12.4, 12.0, 13.6]"
40,1,45,136,2023-06-29 12:36:53,6,"[2.0, 11.1, 12.0, 11.4, 12.0]"
40,1,45,116,2023-06-29 12:36:53,6,"[1.3, 6.8, 11.6, 11.0, 12.3]"
40,1,45,136,2023-06-29 12:36:53,6,"[4.7, 1.9, 10.8, 11.8, 13.1]"
40,1,90,139,2023-06-29 12:36:53,6,"[7.5, 1.0, 1.8, 10.9, 13.9]"
40,1,90,138,2023-06-29 12:36:54,6,"[1.6, 1.8, 8.4, 12.7, 14.9]"
40,1,45,112,2023-06-29 12:36:54,6,"[0.8, 4.5, 12.5, 13.5, 16.0]"
40,1,45,237,2023-06-29 12:36:54,6,"[1.3, 6.4, 13.1, 13.2, 15.6]"
40,1,45,391,2023-06-29 12:36:54,6,"[2.0, 3.0, 13.0, 13.4, 15.8]"
40,1,45,391,2023-06-29 12:36:54,6,"[10.4, 1.9, 8.9, 13.5, 15.3]"
40,1,90,-2,2023-06-29 12:36:54,6,"[15.6, 14.3, 2.7, 5.3, 14.6]"
40,1,90,-2,2023-06-29 12:36:54,6,"[16.0, 16.3, 12.3, 2.0, 11.9]"
40,1,90,227,2023-06-29 12:36:55,6,"[15.7, 16.6, 15.6, 14.0, 6.8]"
39,-1,45,213,2023-06-29 12:36:55,6,"[15.0, 16.8, 16.0, 15.3, 15.3]"
39,-1,135,217,2023-06-29 12:36:55,6,"[16.0, 16.2, 13.7, 2.6, 9.8]"
40,1,135,-2,2023-06-29 12:36:56,6,"[14.7, 15.5, 15.5, 12.3, 4.4]"
40,1,135,-2,2023-06-29 12:36:56,6,"[14.9, 15.9, 15.2, 8.5, 4.5]"
40,1,115,-2,2023-06-29 12:36:56,6,"[15.4, 15.3, 4.7, 4.0, 14.3]"
40,1,90,220,2023-06-29 12:36:56,6,"[15.8, 14.8, 3.1, 6.4, 14.7]"
40,1,115,217,2023-06-29 12:36:56,6,"[16.1, 16.0, 11.1, 1.9, 11.3]"
40,1,115,211,2023-06-29 12:36:56,6,"[16.2, 16.1, 13.6, 2.6, 8.6]"
40,1,115,236,2023-06-29 12:36:57,6,"[15.9, 15.9, 14.0, 4.9, 6.0]"
40,1,115,-2,2023-06-29 12:36:57,6,"[15.4, 15.7, 14.4, 6.0, 6.0]"
40,1,115,-2,2023-06-29 12:36:57,6,"[14.9, 15.4, 14.1, 7.0, 5.0]"
40,1,135,214,2023-06-29 12:36:57,6,"[15.0, 15.1, 14.4, 13.4, 6.7]"
39,-1,45,207,2023-06-29 12:36:57,6,"[14.8, 15.0, 14.5, 14.2, 14.4]"
39,-1,135,-2,2023-06-29 12:36:58,6,"[14.0, 10.5, 2.0, 8.1, 15.5]"
40,1,135,-2,2023-06-29 12:36:58,6,"[14.6, 15.0, 11.0, 1.8, 12.4]"
40,1,115,-2,2023-06-29 12:36:58,6,"[14.2, 14.7, 8.4, 2.0, 13.2]"
40,1,115,-2,2023-06-29 12:36:58,6,"[14.3, 13.0, 2.4, 7.7, 15.3]"
40,1,90,-2,2023-06-29 12:36:59,6,"[13.9, 14.2, 7.4, 1.0, 11.4]"
40,1,135,-2,2023-06-29 12:36:59,6,"[14.0, 15.1, 14.9, 14.8, 14.2]"
39,-1,45,-2,2023-06-29 12:36:59,6,"[14.8, 15.9, 15.5, 14.4, 15.5]"
39,-1,135,195,2023-06-29 12:36:59,6,"[15.0, 15.4, 13.1, 2.6, 6.3]"
40,1,135,-2,2023-06-29 12:37:00,6,"[13.9, 10.7, 2.0, 10.4, 15.7]"
40,1,90,-2,2023-06-29 12:37:00,6,"[13.7, 8.2, 2.0, 11.8, 15.8]"
40,1,115,-2,2023-06-29 12:37:00,6,"[14.0, 14.6, 13.2, 3.4, 5.2]"
40,1,135,239,2023-06-29 12:37:00,6,"[13.9, 15.3, 15.0, 13.5, 6.8]"
39,-1,45,-2,2023-06-29 12:37:00,6,"[15.2, 15.6, 14.8, 13.7, 11.0]"
39,-1,135,-2,2023-06-29 12:37:01,6,"[14.6, 11.0, 2.0, 8.7, 14.8]"
40,1,135,-2,2023-06-29 12:37:01,6,"[13.4, 11.1, 2.0, 9.4, 15.2]"
40,1,90,-2,2023-06-29 12:37:01,6,"[13.0, 6.6, 2.6, 12.0, 15.6]"
40,1,115,-2,2023-06-29 12:37:02,6,"[13.7, 14.1, 11.4, 2.0, 8.7]"
40,1,135,172,2023-06-29 12:37:02,6,"[14.5, 15.2, 14.5, 10.7, 4.0]"
40,1,135,-2,2023-06-29 12:37:02,6,"[14.4, 14.9, 14.4, 12.9, 5.0]"
40,1,135,-2,2023-06-29 12:37:02,6,"[14.5, 14.9, 14.1, 12.6, 4.1]"
40,1,135,-2,2023-06-29 12:37:02,6,"[13.4, 14.0, 13.1, 10.0, 4.7]"
39,-1,45,327,2023-06-29 12:37:03,6,"[13.2, 13.4, 12.7, 12.1, 14.2]"
40,1,45,100,2023-06-29 12:37:03,6,"[2.6, 10.3, 12.2, 12.1, 13.4]"
39,-1,135,125,2023-06-29 12:37:04,6,"[13.6, 13.4, 12.6, 12.0, 14.2]"
0,0,135,-2,2023-06-29 12:37:04,6,"[14.0, 14.4, 14.0, 13.1, 12.3]"
